00000000
00000000
00000000
00000000
00000000
00000000
00000000
00111100
01000000
00111100
01000000
00111100
00000000
01110100
00000000
01110000
00010000
01100000
00000000
10011000
10101000
11111000
00000000
01111000
00100100
00100100
01111000
00000000
01110000
00010000
00010000
00000000
01110000
01010000
00000000
01111100
00010100
00010100
00000000
01110000
01010000
01110000
00000000
01110000
00010000
00010000
00000000
01110000
01000000
01110000
00000000
01110000
00010000
01110000
00010000
01100000
00000000
01100100
01010100
01011100
00000000
01111100
01000100
01111100
00000000
01000100
01111100
01000000
00000000
01011100
01010100
01110100
00000000
00000000
00000000
00000000
00000000
00000000
